cam0:
  cam_model: Pinhole
  cam_width: 752
  cam_height: 480
  cam_fx: 472.61141190209776
  cam_fy: 471.22321636065936
  cam_cx: 374.3294960990277
  cam_cy: 243.48231986069422
  cam_d0: -0.3003694372669555
  cam_d1: 0.09176773747293532
  cam_d2: -0.0003923505612523971
  cam_d3: 0.0006943797210933074
  T_cam_imu:
    tx: 0.035566042492915416
    ty: -0.007897239340413609
    tz: -0.003693661312883509
    qx: 4.67964875e-03
    qy: 1.85614135e-04
    qz: 9.99979331e-01
    qw: -4.40505027e-03

cam1:
  cam_model: Pinhole
  cam_width: 752
  cam_height: 480
  cam_fx: 468.78913369173745
  cam_fy: 467.5190931023989
  cam_cx: 370.95439423341037
  cam_cy: 252.60335423343452
  cam_d0: -0.3020452685540842
  cam_d1: 0.0954902008790482
  cam_d2: -0.0002718778867300321
  cam_d3: -7.361225552870356e-05
  T_cam_imu:
    tx: -0.07447697444473064
    ty: -0.007173982734579575
    tz: -0.003287241474026921
    qx: 3.18748643e-03
    qy: -2.40618829e-04
    qz: 9.99994656e-01
    qw: -6.85537944e-04